=================================
=           NON-EXTENDED        =                 
=================================

SI5 - 204939
02 53 10 07 2D 10 02 10 13 4B 10 00 4C E7 10 06 A7 6B 03
02 53 10 07 2D 10 02 10 13 4B 10 00 4C FC 10 00 FD 7F 03

SI5 - 204948
02 53 10 08 2D 10 02 10 13 54 10 00 87 27 10 13 10 0D 8D 03
02 53 10 08 2D 10 02 10 13 54 10 00 87 58 10 09 8F D4 03

SI6 - 890510
02 53 10 07 2D 10 0D 96 8E 10 00 4C 8B 10 05 FB 82 03
02 53 10 07 2D 10 0D 96 8E 10 00 4C AF 10 0B A3 A5 03

SI6 - 540022
02 53 10 08 2D 10 08 3D 76 10 00 84 B1 10 0A AC 93 03
02 53 10 08 2D 10 08 3D 76 10 00 84 DD 10 00 44 AA 03

SI6 - 700527
02 53 10 08 2D 10 0A B0 6F 10 00 85 10 0D 10 0A FA 10 12 03
02 53 10 08 2D 10 0A B0 6F 10 00 85 10 1A 10 03 88 24 03

SI6 - 647656
02 53 10 08 2D 10 09 E1 E8 10 00 85 56 10 0E 66 10 01 03
02 53 10 08 2D 10 09 E1 E8 10 00 85 6C 10 13 FA 4F 03

SI6 - 684897
02 53 10 08 2D 10 0A 73 61 10 00 85 9B 10 03 84 31 03
02 53 10 08 2D 10 0A 73 61 10 00 85 B4 10 01 66 3D 03

SI6 - 721209
02 53 10 08 2D 10 0B 10 01 39 10 00 85 E6 10 01 61 10 1C 03
02 53 10 08 2D 10 0B 10 01 39 10 00 86 32 10 06 99 3E 03

SI8 - 2058198
02 53 10 07 2D 10 1F 67 D6 10 00 4C D4 10 01 48 10 03 03
02 53 10 07 2D 10 1F 67 D6 10 00 4D 10 07 10 00 A2 10 1D 03

SI8 - 2058126
02 53 10 08 2D 10 1F 67 8E 10 00 87 79 10 0E 10 13 D4 03
02 53 10 08 2D 10 1F 67 8E 10 00 87 9C 10 02 4D F0 03

SI11 - 9183776
02 53 10 08 2D 8C 22 20 10 00 86 E8 10 12 46 20 03
02 53 10 08 2D 8C 22 20 10 00 87 10 07 10 0D 24 7A 03
